_____________________CLASSIFICATION REPORT____________________________

Classification Accuracy: 0.8969413061449435
Mean Squared Error     : 1.0647561311656104
______________________________________________________________________
              precision    recall  f1-score   support

           0       0.91      0.93      0.92       425
           1       0.89      0.42      0.57       200
           2       0.79      0.95      0.86       381
           3       0.76      0.87      0.81       190
           4       0.90      0.82      0.86       354
           5       0.87      0.93      0.90       335
           6       0.82      0.85      0.83       281
           7       0.99      0.99      0.99      1071
           8       0.75      0.51      0.61        74
           9       0.95      0.98      0.97       318

    accuracy                           0.90      3629
   macro avg       0.86      0.83      0.83      3629
weighted avg       0.90      0.90      0.89      3629
